1.         0.         0.01176471 1.        
1.         0.         0.01176471 1.        
1.         0.         0.01176471 1.        
1.         0.         0.01176471 1.        
1.         0.         0.01176471 1.        
1.         0.         0.01176471 1.        
1.         0.         0.01176471 1.        
1.         0.         0.01176471 1.        
1.         0.         0.01176471 1.        
1.         0.         0.01176471 1.        
1.         0.         0.01176471 1.        
1.         0.         0.01176471 1.        
1.         0.         0.01176471 1.        
1.         0.         0.01176471 1.        
1.         0.         0.01176471 1.        
1.         0.         0.01176471 1.        
1.         0.         0.01176471 1.        
1.         0.         0.01176471 1.        
1.         0.         0.01176471 1.        
1.         0.         0.01176471 1.        
1.         0.         0.01176471 1.        
1.         0.         0.01176471 1.        
1.         0.         0.01176471 1.        
1.         0.         0.01176471 1.        
1.         0.         0.01176471 1.        
1.         0.         0.01176471 1.        
1.         0.         0.01176471 1.        
1.         0.         0.01176471 1.        
1.         0.         0.01176471 1.        
1.         0.         0.01176471 1.        
1.         0.         0.01176471 1.        
1.         0.         0.01176471 1.        
1.         0.         0.01176471 1.        
1.         0.         0.01176471 1.        
1.         0.         0.01176471 1.        
1.         0.         0.01176471 1.        
1.         0.         0.01176471 1.        
1.         0.         0.01176471 1.        
1.         0.         0.01176471 1.        
1.         0.         0.01176471 1.        
1.         0.         0.01176471 1.        
1.         0.         0.01176471 1.        
1.         0.         0.01176471 1.        
1.         0.         0.01176471 1.        
1.         0.         0.01176471 1.        
1.         0.         0.01176471 1.        
1.         0.         0.01176471 1.        
1.         0.         0.01176471 1.        
1.         0.         0.01176471 1.        
1.         0.         0.01176471 1.        
1.         0.         0.01176471 1.        
1.         0.         0.01176471 1.        
1.         0.         0.01176471 1.        
1.         0.         0.01176471 1.        
1.         0.         0.01176471 1.        
1.         0.         0.01176471 1.        
1.         0.         0.01176471 1.        
1.         0.         0.01176471 1.        
1.         0.         0.01176471 1.        
1.         0.         0.01176471 1.        
1.         0.         0.01176471 1.        
1.         0.         0.01176471 1.        
1.         0.         0.01176471 1.        
1.         0.01960784 0.01176471 1.        
1.         0.05098039 0.01176471 1.        
1.         0.07843138 0.01176471 1.        
1.         0.10196079 0.01176471 1.        
1.         0.12156863 0.01176471 1.        
1.         0.13725491 0.01176471 1.        
1.         0.15294118 0.01176471 1.        
1.         0.16862746 0.01176471 1.        
1.         0.18039216 0.01176471 1.        
1.         0.19607843 0.01176471 1.        
1.         0.20784314 0.01176471 1.        
1.         0.21960784 0.01176471 1.        
1.         0.22745098 0.01176471 1.        
1.         0.23921569 0.01176471 1.        
1.         0.2509804  0.01176471 1.        
1.         0.2627451  0.01176471 1.        
1.         0.27058825 0.01176471 1.        
1.         0.28235295 0.01176471 1.        
1.         0.2901961  0.01568628 1.        
1.         0.29803923 0.01568628 1.        
1.         0.30588236 0.01568628 1.        
1.         0.31764707 0.01568628 1.        
1.         0.3254902  0.01568628 1.        
1.         0.33333334 0.01568628 1.        
1.         0.3372549  0.01568628 1.        
1.         0.34509805 0.01568628 1.        
1.         0.34901962 0.01568628 1.        
1.         0.35686275 0.01568628 1.        
1.         0.3647059  0.01568628 1.        
1.         0.37254903 0.01568628 1.        
1.         0.38039216 0.01568628 1.        
1.         0.3882353  0.01568628 1.        
1.         0.39607844 0.01568628 1.        
1.         0.40392157 0.01568628 1.        
1.         0.4117647  0.01568628 1.        
1.         0.41960785 0.01568628 1.        
1.         0.42352942 0.01568628 1.        
1.         0.43137255 0.01568628 1.        
1.         0.4392157  0.01568628 1.        
1.         0.44705883 0.01568628 1.        
1.         0.45490196 0.01568628 1.        
1.         0.4627451  0.01568628 1.        
1.         0.46666667 0.01568628 1.        
1.         0.4745098  0.01568628 1.        
1.         0.47843137 0.01568628 1.        
1.         0.4862745  0.01568628 1.        
1.         0.49411765 0.01568628 1.        
1.         0.49803922 0.01568628 1.        
1.         0.5058824  0.01568628 1.        
1.         0.5137255  0.01568628 1.        
1.         0.5176471  0.01568628 1.        
1.         0.5254902  0.01568628 1.        
1.         0.53333336 0.01568628 1.        
1.         0.5372549  0.01568628 1.        
1.         0.54509807 0.01568628 1.        
1.         0.5529412  0.01568628 1.        
1.         0.5568628  0.01568628 1.        
1.         0.5647059  0.01568628 1.        
1.         0.5686275  0.01568628 1.        
1.         0.5764706  0.01568628 1.        
1.         0.58431375 0.01568628 1.        
1.         0.5882353  0.01568628 1.        
1.         0.59607846 0.01568628 1.        
1.         0.6039216  0.01568628 1.        
1.         0.60784316 0.01568628 1.        
1.         0.6156863  0.01568628 1.        
1.         0.62352943 0.01568628 1.        
1.         0.627451   0.01568628 1.        
1.         0.63529414 0.01568628 1.        
1.         0.6392157  0.01568628 1.        
1.         0.6431373  0.01568628 1.        
1.         0.6509804  0.01568628 1.        
1.         0.654902   0.01568628 1.        
1.         0.6627451  0.01568628 1.        
1.         0.67058825 0.01568628 1.        
1.         0.6745098  0.01568628 1.        
1.         0.68235296 0.01568628 1.        
1.         0.6862745  0.01568628 1.        
1.         0.6901961  0.01568628 1.        
1.         0.69803923 0.01568628 1.        
1.         0.7058824  0.01568628 1.        
1.         0.70980394 0.01568628 1.        
1.         0.7176471  0.01568628 1.        
1.         0.7254902  0.01568628 1.        
1.         0.7294118  0.01568628 1.        
1.         0.73333335 0.01568628 1.        
1.         0.7372549  0.01568628 1.        
1.         0.7411765  0.01568628 1.        
1.         0.7490196  0.01568628 1.        
1.         0.7529412  0.01568628 1.        
1.         0.7607843  0.01568628 1.        
1.         0.76862746 0.01568628 1.        
1.         0.77254903 0.01568628 1.        
1.         0.78039217 0.01568628 1.        
1.         0.7882353  0.01568628 1.        
1.         0.7921569  0.01568628 1.        
1.         0.7921569  0.01568628 1.        
1.         0.8        0.01568628 1.        
1.         0.8039216  0.01568628 1.        
1.         0.8117647  0.01568628 1.        
1.         0.8156863  0.01568628 1.        
1.         0.81960785 0.01568628 1.        
1.         0.827451   0.01568628 1.        
1.         0.83137256 0.01568628 1.        
1.         0.8392157  0.01568628 1.        
1.         0.84705883 0.01568628 1.        
1.         0.8509804  0.01568628 1.        
1.         0.85882354 0.01568628 1.        
1.         0.8627451  0.01568628 1.        
1.         0.8666667  0.01568628 1.        
1.         0.8745098  0.01568628 1.        
1.         0.88235295 0.01568628 1.        
1.         0.8862745  0.01568628 1.        
1.         0.8901961  0.01568628 1.        
1.         0.8980392  0.01568628 1.        
1.         0.9019608  0.01568628 1.        
1.         0.9098039  0.01568628 1.        
1.         0.9137255  0.01568628 1.        
1.         0.91764706 0.01568628 1.        
1.         0.9254902  0.01568628 1.        
1.         0.92941177 0.01568628 1.        
1.         0.9372549  0.01568628 1.        
1.         0.9411765  0.01568628 1.        
1.         0.9490196  0.01568628 1.        
1.         0.9529412  0.01568628 1.        
1.         0.9607843  0.01568628 1.        
1.         0.9647059  0.01568628 1.        
1.         0.96862745 0.01568628 1.        
0.99607843 0.9764706  0.01568628 1.        
0.99607843 0.98039216 0.01568628 1.        
0.99215686 0.98039216 0.01568628 1.        
0.99215686 0.9882353  0.01568628 1.        
0.9882353  0.99215686 0.01568628 1.        
0.9882353  1.         0.01568628 1.        
0.9843137  1.         0.01568628 1.        
0.98039216 1.         0.01960784 1.        
0.98039216 1.         0.01960784 1.        
0.9764706  1.         0.01960784 1.        
0.9764706  1.         0.01960784 1.        
0.9764706  1.         0.01960784 1.        
0.972549   1.         0.01960784 1.        
0.96862745 1.         0.01960784 1.        
0.9607843  1.         0.01960784 1.        
0.95686275 1.         0.01960784 1.        
0.94509804 1.         0.01960784 1.        
0.9372549  1.         0.01568628 1.        
0.9254902  1.         0.01568628 1.        
0.91764706 1.         0.01568628 1.        
0.90588236 1.         0.01568628 1.        
0.89411765 1.         0.01568628 1.        
0.88235295 1.         0.01568628 1.        
0.8745098  1.         0.01568628 1.        
0.8627451  1.         0.01568628 1.        
0.85490197 1.         0.01568628 1.        
0.8392157  1.         0.01568628 1.        
0.827451   1.         0.01568628 1.        
0.81960785 1.         0.01568628 1.        
0.80784315 1.         0.01568628 1.        
0.79607844 1.         0.01568628 1.        
0.78431374 1.         0.01568628 1.        
0.77254903 1.         0.01568628 1.        
0.7607843  1.         0.01568628 1.        
0.7529412  1.         0.01568628 1.        
0.7411765  1.         0.01568628 1.        
0.7294118  1.         0.01568628 1.        
0.7176471  1.         0.01568628 1.        
0.7058824  1.         0.01176471 1.        
0.69411767 1.         0.01176471 1.        
0.68235296 1.         0.01176471 1.        
0.67058825 1.         0.01176471 1.        
0.65882355 1.         0.01176471 1.        
0.6431373  1.         0.01176471 1.        
0.627451   1.         0.01176471 1.        
0.6156863  1.         0.01176471 1.        
0.6039216  1.         0.01176471 1.        
0.5882353  1.         0.01176471 1.        
0.57254905 1.         0.01176471 1.        
0.5568628  1.         0.01176471 1.        
0.5411765  1.         0.01176471 1.        
0.5294118  1.         0.01176471 1.        
0.5137255  1.         0.01176471 1.        
0.49411765 1.         0.01176471 1.        
0.47843137 1.         0.01176471 1.        
0.4627451  1.         0.01176471 1.        
0.4509804  1.         0.01176471 1.        
0.43529412 1.         0.01176471 1.        
0.41960785 1.         0.01176471 1.        
0.4        1.         0.01176471 1.        
0.3764706  1.         0.01176471 1.        
0.3529412  1.         0.01176471 1.        
0.33333334 1.         0.01176471 1.        
0.3137255  1.         0.01176471 1.        
0.28627452 1.         0.01176471 1.        
0.2509804  1.         0.00784314 1.        
0.21568628 1.         0.00784314 1.        
0.1764706  1.         0.00784314 1.        
0.13725491 1.         0.00784314 1.        
0.09019608 1.         0.00784314 1.        
0.03921569 1.         0.00784314 1.        
0.         1.         0.00784314 1.        
0.         1.         0.00784314 1.        
0.         1.         0.00784314 1.        
0.         1.         0.00784314 1.        
0.         1.         0.00784314 1.        
0.         1.         0.00784314 1.        
0.         1.         0.00784314 1.        
0.         1.         0.00784314 1.        
0.         1.         0.00784314 1.        
0.         1.         0.00784314 1.        
0.         1.         0.00784314 1.        
0.         1.         0.00784314 1.        
0.         1.         0.00784314 1.        
0.         1.         0.00784314 1.        
0.         1.         0.00784314 1.        
0.         1.         0.00784314 1.        
0.         1.         0.00784314 1.        
0.         1.         0.00784314 1.        
0.         1.         0.00784314 1.        
0.         1.         0.00784314 1.        
0.         1.         0.00784314 1.        
0.         1.         0.00784314 1.        
0.         1.         0.00784314 1.        
0.         1.         0.00784314 1.        
0.         1.         0.00784314 1.        
0.         1.         0.00784314 1.        
0.         1.         0.00784314 1.        
0.         1.         0.00784314 1.        
0.         1.         0.00784314 1.        
0.         1.         0.00784314 1.        
0.         1.         0.00784314 1.        
0.         1.         0.00784314 1.        
0.         1.         0.00784314 1.        
0.         1.         0.00784314 1.        
0.         1.         0.00784314 1.        
0.         1.         0.00784314 1.        
0.         1.         0.00784314 1.        
0.         1.         0.00784314 1.        
0.         1.         0.00784314 1.        
0.         1.         0.00784314 1.        
0.         1.         0.00784314 1.        
0.         1.         0.00784314 1.        
0.         1.         0.00784314 1.        
0.         1.         0.00784314 1.        
0.         1.         0.00784314 1.        
0.         1.         0.00392157 1.        
0.         1.         0.00392157 1.        
0.         1.         0.00392157 1.        
0.         1.         0.00392157 1.        
0.         1.         0.00392157 1.        
0.         1.         0.00392157 1.        
0.         1.         0.00392157 1.        
0.         1.         0.00392157 1.        
0.         1.         0.00392157 1.        
0.         1.         0.00392157 1.        
0.         1.         0.00392157 1.        
0.         1.         0.00392157 1.        
0.         1.         0.00392157 1.        
0.         1.         0.00392157 1.        
0.         1.         0.00392157 1.        
0.         1.         0.00392157 1.        
0.         1.         0.00392157 1.        
0.         1.         0.00392157 1.        
0.         1.         0.00392157 1.        
0.         1.         0.00392157 1.        
0.         1.         0.00392157 1.        
0.         1.         0.00392157 1.        
0.         1.         0.00392157 1.        
0.         1.         0.00392157 1.        
0.         1.         0.00392157 1.        
0.         1.         0.00392157 1.        
0.         1.         0.00392157 1.        
0.         1.         0.00392157 1.        
0.         1.         0.00392157 1.        
0.         1.         0.00392157 1.        
0.         1.         0.00392157 1.        
0.         1.         0.00392157 1.        
0.         1.         0.00392157 1.        
0.         1.         0.00392157 1.        
0.         1.         0.00392157 1.        
0.         1.         0.00392157 1.        
0.         1.         0.00392157 1.        
0.         1.         0.00392157 1.        
0.         1.         0.00392157 1.        
0.         1.         0.00784314 1.        
0.         1.         0.01176471 1.        
0.         1.         0.01960784 1.        
0.         1.         0.02745098 1.        
0.         1.         0.03529412 1.        
0.         1.         0.04313726 1.        
0.         1.         0.04705882 1.        
0.         1.         0.05882353 1.        
0.         1.         0.06666667 1.        
0.         1.         0.07058824 1.        
0.         1.         0.07843138 1.        
0.         1.         0.08627451 1.        
0.         1.         0.09019608 1.        
0.         1.         0.09803922 1.        
0.         1.         0.10588235 1.        
0.         1.         0.11372549 1.        
0.         1.         0.12156863 1.        
0.        1.        0.1254902 1.       
0.         1.         0.12941177 1.        
0.         1.         0.13725491 1.        
0.         1.         0.14117648 1.        
0.         1.         0.14901961 1.        
0.         1.         0.15686275 1.        
0.         1.         0.16470589 1.        
0.         1.         0.17254902 1.        
0.         1.         0.18039216 1.        
0.         1.         0.18431373 1.        
0.         1.         0.19215687 1.        
0.  1.  0.2 1. 
0.         1.         0.20784314 1.        
0.         1.         0.21568628 1.        
0.         1.         0.21960784 1.        
0.         1.         0.22745098 1.        
0.         1.         0.23529412 1.        
0.         1.         0.23921569 1.        
0.         1.         0.24705882 1.        
0.         1.         0.25490198 1.        
0.        1.        0.2627451 1.       
0.         1.         0.27058825 1.        
0.        1.        0.2784314 1.       
0.         1.         0.28235295 1.        
0.        1.        0.2901961 1.       
0.         1.         0.29803923 1.        
0.         1.         0.30588236 1.        
0.        1.        0.3137255 1.       
0.         1.         0.31764707 1.        
0.        1.        0.3254902 1.       
0.         1.         0.33333334 1.        
0.         1.         0.34117648 1.        
0.         1.         0.34901962 1.        
0.         1.         0.35686275 1.        
0.         1.         0.36078432 1.        
0.         1.         0.36862746 1.        
0.        1.        0.3764706 1.       
0.         1.         0.38431373 1.        
0.         1.         0.39215687 1.        
0.  1.  0.4 1. 
0.         1.         0.40392157 1.        
0.        1.        0.4117647 1.       
0.         1.         0.41960785 1.        
0.         1.         0.42745098 1.        
0.         1.         0.43529412 1.        
0.        1.        0.4392157 1.       
0.         1.         0.44705883 1.        
0.         1.         0.45490196 1.        
0.        1.        0.4627451 1.       
0.         1.         0.47058824 1.        
0.         1.         0.47843137 1.        
0.         1.         0.48235294 1.        
0.         1.         0.49019608 1.        
0.         1.         0.49803922 1.        
0.        1.        0.5058824 1.       
0.        1.        0.5137255 1.       
0.         1.         0.52156866 1.        
0.        1.        0.5254902 1.       
0.         1.         0.53333336 1.        
0.        1.        0.5411765 1.       
0.         1.         0.54901963 1.        
0.        1.        0.5568628 1.       
0.         1.         0.56078434 1.        
0.        1.        0.5686275 1.       
0.        1.        0.5764706 1.       
0.         1.         0.58431375 1.        
0.        1.        0.5921569 1.       
0.  1.  0.6 1. 
0.        1.        0.6039216 1.       
0.        1.        0.6117647 1.       
0.         1.         0.61960787 1.        
0.       1.       0.627451 1.      
0.         1.         0.63529414 1.        
0.        1.        0.6392157 1.       
0.         1.         0.64705884 1.        
0.       1.       0.654902 1.      
0.        1.        0.6627451 1.       
0.         1.         0.67058825 1.        
0.        1.        0.6784314 1.       
0.         1.         0.68235296 1.        
0.         1.         0.69411767 1.        
0.        1.        0.7019608 1.       
0.        1.        0.7058824 1.       
0.        1.        0.7137255 1.       
0.         1.         0.72156864 1.        
0.        1.        0.7254902 1.       
0.         1.         0.73333335 1.        
0.        1.        0.7411765 1.       
0.        1.        0.7490196 1.       
0.         1.         0.75686276 1.        
0.        1.        0.7607843 1.       
0.         1.         0.76862746 1.        
0.        1.        0.7764706 1.       
0.         1.         0.78431374 1.        
0.        1.        0.7921569 1.       
0.  1.  0.8 1. 
0.        1.        0.8039216 1.       
0.        1.        0.8117647 1.       
0.        1.        0.8235294 1.       
0.       1.       0.827451 1.      
0.        1.        0.8352941 1.       
0.         1.         0.84313726 1.        
0.         1.         0.84705883 1.        
0.         1.         0.85490197 1.        
0.        1.        0.8627451 1.       
0.         1.         0.87058824 1.        
0.        1.        0.8784314 1.       
0.         1.         0.88235295 1.        
0.        1.        0.8901961 1.       
0.        1.        0.8980392 1.       
0.         1.         0.90588236 1.        
0.        1.        0.9137255 1.       
0.         1.         0.92156863 1.        
0.        1.        0.9254902 1.       
0.         1.         0.93333334 1.        
0.        1.        0.9411765 1.       
0.        1.        0.9490196 1.       
0.         1.         0.95686275 1.        
0.        1.        0.9647059 1.       
0.         1.         0.96862745 1.        
0.        1.        0.9764706 1.       
0.        1.        0.9843137 1.       
0.         1.         0.99215686 1.        
0.         1.         0.99607843 1.        
0. 1. 1. 1.
0. 1. 1. 1.
0. 1. 1. 1.
0. 1. 1. 1.
0. 1. 1. 1.
0. 1. 1. 1.
0. 1. 1. 1.
0.         0.99215686 1.         1.        
0.        0.9843137 1.        1.       
0.         0.98039216 1.         1.        
0.       0.972549 1.       1.      
0.         0.96862745 1.         1.        
0.        0.9607843 1.        1.       
0.        0.9529412 1.        1.       
0.        0.9490196 1.        1.       
0.        0.9411765 1.        1.       
0.         0.93333334 1.         1.        
0.         0.92941177 1.         1.        
0.         0.92156863 1.         1.        
0.        0.9137255 1.        1.       
0.         0.90588236 1.         1.        
0.        0.8980392 1.        1.       
0.         0.89411765 1.         1.        
0.        0.8901961 1.        1.       
0.         0.88235295 1.         1.        
0.        0.8745098 1.        1.       
0.        0.8666667 1.        1.       
0.        0.8627451 1.        1.       
0.         0.85490197 1.         1.        
0.         0.84705883 1.         1.        
0.        0.8392157 1.        1.       
0.         0.83137256 1.         1.        
0.        0.8235294 1.        1.       
0.        0.8156863 1.        1.       
0.        0.8117647 1.        1.       
0.        0.8039216 1.        1.       
0.         0.79607844 1.         1.        
0.        0.7921569 1.        1.       
0.         0.78431374 1.         1.        
0.        0.7764706 1.        1.       
0.         0.77254903 1.         1.        
0.        0.7647059 1.        1.       
0.         0.75686276 1.         1.        
0.        0.7490196 1.        1.       
0.        0.7411765 1.        1.       
0.        0.7372549 1.        1.       
0.        0.7294118 1.        1.       
0.         0.72156864 1.         1.        
0.        0.7176471 1.        1.       
0.         0.70980394 1.         1.        
0.        0.7019608 1.        1.       
0.         0.69411767 1.         1.        
0.        0.6862745 1.        1.       
0.        0.6784314 1.        1.       
0.        0.6745098 1.        1.       
0.        0.6666667 1.        1.       
0.         0.65882355 1.         1.        
0.        0.6509804 1.        1.       
0.        0.6431373 1.        1.       
0.        0.6392157 1.        1.       
0.        0.6313726 1.        1.       
0.         0.62352943 1.         1.        
0.        0.6156863 1.        1.       
0.         0.60784316 1.         1.        
0.  0.6 1.  1. 
0.        0.5921569 1.        1.       
0.         0.58431375 1.         1.        
0.        0.5764706 1.        1.       
0.        0.5686275 1.        1.       
0.         0.56078434 1.         1.        
0.        0.5529412 1.        1.       
0.         0.54901963 1.         1.        
0.        0.5411765 1.        1.       
0.        0.5294118 1.        1.       
0.         0.52156866 1.         1.        
0.        0.5137255 1.        1.       
0.         0.50980395 1.         1.        
0.        0.5019608 1.        1.       
0.         0.49411765 1.         1.        
0.        0.4862745 1.        1.       
0.         0.47843137 1.         1.        
0.         0.47058824 1.         1.        
0.         0.45882353 1.         1.        
0.        0.4509804 1.        1.       
0.         0.44313726 1.         1.        
0.         0.43529412 1.         1.        
0.         0.42745098 1.         1.        
0.         0.41960785 1.         1.        
0.         0.40784314 1.         1.        
0.  0.4 1.  1. 
0.         0.39215687 1.         1.        
0.         0.38431373 1.         1.        
0.         0.37254903 1.         1.        
0.        0.3647059 1.        1.       
0.         0.35686275 1.         1.        
0.         0.34901962 1.         1.        
0.         0.34117648 1.         1.        
0.01176471 0.32941177 1.         1.        
0.01960784 0.31764707 1.         1.        
0.03529412 0.30588236 1.         1.        
0.05490196 0.29803923 1.         1.        
0.07058824 0.28627452 1.         1.        
0.08627451 0.27450982 1.         1.        
0.10196079 0.25882354 1.         1.        
0.11372549 0.2509804  1.         1.        
0.12156863 0.23921569 1.         1.        
0.12941177 0.22352941 1.         1.        
0.14117648 0.21176471 1.         1.        
0.14901961 0.19607843 1.         1.        
0.15686275 0.1764706  1.         1.        
0.16078432 0.15686275 1.         1.        
0.16862746 0.13725491 1.         1.        
0.1764706  0.11764706 1.         1.        
0.18039216 0.09803922 1.         1.        
0.18431373 0.05490196 1.         1.        
0.19215687 0.01176471 1.         1.        
0.19607843 0.         1.         1.        
0.2 0.  1.  1. 
0.20392157 0.         1.         1.        
0.20784314 0.         1.         1.        
0.21176471 0.         1.         1.        
0.21568628 0.         1.         1.        
0.21960784 0.         1.         1.        
0.21960784 0.         1.         1.        
0.22745098 0.         1.         1.        
0.23137255 0.         1.         1.        
0.23137255 0.         1.         1.        
0.23529412 0.         1.         1.        
0.23529412 0.         1.         1.        
0.23921569 0.         1.         1.        
0.24313726 0.         1.         1.        
0.24705882 0.         1.         1.        
0.2509804 0.        1.        1.       
0.2509804 0.        1.        1.       
0.25490198 0.         1.         1.        
0.25490198 0.         1.         1.        
0.25882354 0.         1.         1.        
0.25882354 0.         1.         1.        
0.2627451 0.        1.        1.       
0.2627451 0.        1.        1.       
0.26666668 0.         1.         1.        
0.27058825 0.         1.         1.        
0.27058825 0.         1.         1.        
0.27058825 0.         1.         1.        
0.27450982 0.         1.         1.        
0.27450982 0.         1.         1.        
0.2784314 0.        1.        1.       
0.2784314 0.        1.        1.       
0.2784314 0.        1.        1.       
0.2784314 0.        1.        1.       
0.2784314 0.        1.        1.       
0.28235295 0.         1.         1.        
0.28235295 0.         1.         1.        
0.28235295 0.         1.         1.        
0.28627452 0.         1.         1.        
0.28627452 0.         1.         1.        
0.28627452 0.         1.         1.        
0.28627452 0.         1.         1.        
0.2901961 0.        1.        1.       
0.2901961 0.        1.        1.       
0.2901961 0.        1.        1.       
0.2901961 0.        1.        1.       
0.2901961 0.        1.        1.       
0.29411766 0.         1.         1.        
0.29411766 0.         1.         1.        
0.29411766 0.         1.         1.        
0.29411766 0.         1.         1.        
0.29411766 0.         1.         1.        
0.29411766 0.         1.         1.        
0.29411766 0.         1.         1.        
0.29411766 0.         1.         1.        
